# Columns: chi_s, E, dx=(chi_s-chi_s_min)*1e12/Mpl, y=(E-Emin)/|Emin|, ok_flag
8.780127026866e-10 6.279151918938e-09 -1.672547888938e+02 1.328230358844e-09 1.000000000000e+00
8.800127026866e-10 nan -1.652547888938e+02 nan 0.000000000000e+00
8.820127026866e-10 nan -1.632547888938e+02 nan 0.000000000000e+00
8.840127026866e-10 6.279151917185e-09 -1.612547888938e+02 1.049058452599e-09 1.000000000000e+00
8.860127026866e-10 6.279151916650e-09 -1.592547888938e+02 9.638125641849e-10 1.000000000000e+00
8.880127026866e-10 6.279151916169e-09 -1.572547888938e+02 8.873305734110e-10 1.000000000000e+00
8.900127026866e-10 6.279151915733e-09 -1.552547888938e+02 8.178496098904e-10 1.000000000000e+00
8.920127026866e-10 nan -1.532547888938e+02 nan 0.000000000000e+00
8.940127026866e-10 6.279151914964e-09 -1.512547888938e+02 6.953909793255e-10 1.000000000000e+00
8.960127026866e-10 6.279151914624e-09 -1.492547888938e+02 6.411498471876e-10 1.000000000000e+00
8.980127026866e-10 6.279151914309e-09 -1.472547888938e+02 5.910943136747e-10 1.000000000000e+00
9.000127026866e-10 6.279151914019e-09 -1.452547888938e+02 5.448991264339e-10 1.000000000000e+00
9.020127026866e-10 6.279151913752e-09 -1.432547888938e+02 5.022665656122e-10 1.000000000000e+00
9.040127026866e-10 6.279151913505e-09 -1.412547888938e+02 4.629219648849e-10 1.000000000000e+00
9.060127026866e-10 6.279151913277e-09 -1.392547888938e+02 4.266129210490e-10 1.000000000000e+00
9.080127026866e-10 6.279151913066e-09 -1.372547888938e+02 3.931054737246e-10 1.000000000000e+00
9.100127026866e-10 6.279151912872e-09 -1.352547888938e+02 3.621843688230e-10 1.000000000000e+00
9.120127026866e-10 6.279151912693e-09 -1.332547888938e+02 3.336509507964e-10 1.000000000000e+00
9.140127026866e-10 nan -1.312547888938e+02 nan 0.000000000000e+00
9.160127026866e-10 nan -1.292547888938e+02 nan 0.000000000000e+00
9.180127026866e-10 6.279151912234e-09 -1.272547888938e+02 2.606096003425e-10 1.000000000000e+00
9.200127026866e-10 6.279151912104e-09 -1.252547888938e+02 2.399266332917e-10 1.000000000000e+00
9.220127026866e-10 6.279151911984e-09 -1.232547888938e+02 2.208438445840e-10 1.000000000000e+00
9.240127026866e-10 6.279151911874e-09 -1.212547888938e+02 2.032388529171e-10 1.000000000000e+00
9.260127026866e-10 nan -1.192547888938e+02 nan 0.000000000000e+00
9.280127026866e-10 nan -1.172547888938e+02 nan 0.000000000000e+00
9.300127026866e-10 6.279151911591e-09 -1.152547888938e+02 1.582037192278e-10 1.000000000000e+00
9.320127026866e-10 6.279151911511e-09 -1.132547888938e+02 1.454502438217e-10 1.000000000000e+00
9.340127026866e-10 6.279151911437e-09 -1.112547888938e+02 1.336909682968e-10 1.000000000000e+00
9.360127026866e-10 6.279151911369e-09 -1.092547888938e+02 1.228469837185e-10 1.000000000000e+00
9.380127026866e-10 6.279151911306e-09 -1.072547888938e+02 1.128475486880e-10 1.000000000000e+00
9.400127026866e-10 6.279151911248e-09 -1.052547888938e+02 1.036270594502e-10 1.000000000000e+00
9.420127026866e-10 6.279151911195e-09 -1.032547888938e+02 9.512584029991e-11 1.000000000000e+00
9.440127026866e-10 6.279151911146e-09 -1.012547888938e+02 8.728882623781e-11 1.000000000000e+00
9.460127026866e-10 6.279151911101e-09 -9.925478889375e+01 8.006411389128e-11 1.000000000000e+00
9.480127026866e-10 6.279151911059e-09 -9.725478889375e+01 7.340546446897e-11 1.000000000000e+00
9.500127026866e-10 6.279151911020e-09 -9.525478889375e+01 6.726874693071e-11 1.000000000000e+00
9.520127026866e-10 6.279151910985e-09 -9.325478889375e+01 6.161430920757e-11 1.000000000000e+00
9.540127026866e-10 6.279151910952e-09 -9.125478889375e+01 5.640447524734e-11 1.000000000000e+00
9.560127026866e-10 6.279151910922e-09 -8.925478889375e+01 5.160591623462e-11 1.000000000000e+00
9.580127026866e-10 6.279151910894e-09 -8.725478889375e+01 4.718635722957e-11 1.000000000000e+00
9.600127026866e-10 6.279151910869e-09 -8.525478889375e+01 4.311694838803e-11 1.000000000000e+00
9.620127026866e-10 6.279151910845e-09 -8.325478889375e+01 3.937028894475e-11 1.000000000000e+00
9.640127026866e-10 6.279151910823e-09 -8.125478889375e+01 3.592200802681e-11 1.000000000000e+00
9.660127026866e-10 6.279151910803e-09 -7.925478889375e+01 3.274918384020e-11 1.000000000000e+00
9.680127026866e-10 6.279151910785e-09 -7.725478889375e+01 2.983073887320e-11 1.000000000000e+00
9.700127026866e-10 6.279151910768e-09 -7.525478889375e+01 2.714664948967e-11 1.000000000000e+00
9.720127026866e-10 6.279151910753e-09 -7.325478889375e+01 2.467926327356e-11 1.000000000000e+00
9.740127026866e-10 6.279151910739e-09 -7.125478889375e+01 2.241198168436e-11 1.000000000000e+00
9.760127026866e-10 6.279151910725e-09 -6.925478889375e+01 2.032899658830e-11 1.000000000000e+00
9.780127026866e-10 6.279151910713e-09 -6.725478889375e+01 1.841634413385e-11 1.000000000000e+00
9.800127026866e-10 6.279151910702e-09 -6.525478889375e+01 1.666124607954e-11 1.000000000000e+00
9.820127026866e-10 6.279151910692e-09 -6.325478889375e+01 1.505092418387e-11 1.000000000000e+00
9.840127026866e-10 6.279151910683e-09 -6.125478889375e+01 1.357510315989e-11 1.000000000000e+00
9.860127026866e-10 6.279151910675e-09 -5.925478889375e+01 1.222258557949e-11 1.000000000000e+00
9.880127026866e-10 6.279151910667e-09 -5.725478889375e+01 1.098454523464e-11 1.000000000000e+00
9.900127026866e-10 6.279151910660e-09 -5.525478889375e+01 9.851892448403e-12 1.000000000000e+00
9.920127026866e-10 6.279151910653e-09 -5.325478889375e+01 8.816723153888e-12 1.000000000000e+00
9.940127026866e-10 6.279151910647e-09 -5.125478889375e+01 7.871133284198e-12 1.000000000000e+00
9.960127026866e-10 6.279151910642e-09 -4.925478889375e+01 7.008404382471e-12 1.000000000000e+00
9.980127026866e-10 6.279151910637e-09 -4.725478889375e+01 6.222476664085e-12 1.000000000000e+00
1.000012702687e-09 6.279151910632e-09 -4.525478889375e+01 5.507158609973e-12 1.000000000000e+00
1.002012702687e-09 6.279151910628e-09 -4.325478889375e+01 4.857049107755e-12 1.000000000000e+00
1.004012702687e-09 nan -4.125478889375e+01 nan 0.000000000000e+00
1.006012702687e-09 6.279151910621e-09 -3.925478889375e+01 3.732827326210e-12 1.000000000000e+00
1.008012702687e-09 6.279151910618e-09 -3.725478889375e+01 3.249757104400e-12 1.000000000000e+00
1.010012702687e-09 6.279151910615e-09 -3.525478889375e+01 2.814243018416e-12 1.000000000000e+00
1.012012702687e-09 6.279151910613e-09 -3.325478889375e+01 2.422333034809e-12 1.000000000000e+00
1.014012702687e-09 nan -3.125478889375e+01 nan 0.000000000000e+00
1.016012702687e-09 6.279151910609e-09 -2.925478889375e+01 1.756547133247e-12 1.000000000000e+00
1.018012702687e-09 6.279151910607e-09 -2.725478889375e+01 1.476611430671e-12 1.000000000000e+00
1.020012702687e-09 6.279151910605e-09 -2.525478889375e+01 1.228687199025e-12 1.000000000000e+00
1.022012702687e-09 6.279151910604e-09 -2.325478889375e+01 1.009744545998e-12 1.000000000000e+00
1.024012702687e-09 6.279151910603e-09 -2.125478889375e+01 8.182026582118e-13 1.000000000000e+00
1.026012702687e-09 6.279151910602e-09 -1.925478889375e+01 6.514268467006e-13 1.000000000000e+00
1.028012702687e-09 6.279151910601e-09 -1.725478889375e+01 5.075728291886e-13 1.000000000000e+00
1.030012702687e-09 6.279151910600e-09 -1.525478889375e+01 3.853232611930e-13 1.000000000000e+00
1.032012702687e-09 6.279151910600e-09 -1.325478889375e+01 2.824386570932e-13 1.000000000000e+00
1.034012702687e-09 6.279151910599e-09 -1.125478889375e+01 1.978651413032e-13 1.000000000000e+00
1.036012702687e-09 6.279151910599e-09 -9.254788893753e+00 1.298901659953e-13 1.000000000000e+00
1.038012702687e-09 6.279151910598e-09 -7.254788893753e+00 7.759159003168e-14 1.000000000000e+00
1.040012702687e-09 6.279151910598e-09 -5.254788893753e+00 3.925686558479e-14 1.000000000000e+00
1.042012702687e-09 6.279151910598e-09 -3.254788893753e+00 1.449078930982e-14 1.000000000000e+00
1.044012702687e-09 6.279151910598e-09 -1.254788893753e+00 1.449078930982e-15 1.000000000000e+00
1.046012702687e-09 6.279151910598e-09 7.452111062467e-01 0.000000000000e+00 1.000000000000e+00
1.048012702687e-09 6.279151910598e-09 2.745211106247e+00 8.826208034164e-15 1.000000000000e+00
1.050012702687e-09 6.279151910598e-09 4.745211106247e+00 2.713729634385e-14 1.000000000000e+00
1.052012702687e-09 6.279151910598e-09 6.745211106247e+00 5.414285823942e-14 1.000000000000e+00
1.054012702687e-09 6.279151910598e-09 8.745211106247e+00 8.944769037608e-14 1.000000000000e+00
1.056012702687e-09 6.279151910599e-09 1.074521110625e+01 1.323931205125e-13 1.000000000000e+00
1.058012702687e-09 nan 1.274521110625e+01 nan 0.000000000000e+00
1.060012702687e-09 nan 1.474521110625e+01 nan 0.000000000000e+00
1.062012702687e-09 6.279151910600e-09 1.674521110625e+01 3.004862765064e-13 1.000000000000e+00
1.064012702687e-09 6.279151910600e-09 1.874521110625e+01 3.679343140212e-13 1.000000000000e+00
1.066012702687e-09 6.279151910601e-09 2.074521110625e+01 4.405199950186e-13 1.000000000000e+00
1.068012702687e-09 6.279151910601e-09 2.274521110625e+01 5.177163817054e-13 1.000000000000e+00
1.070012702687e-09 6.279151910602e-09 2.474521110625e+01 5.995234740818e-13 1.000000000000e+00
1.072012702687e-09 6.279151910602e-09 2.674521110625e+01 6.848873965615e-13 1.000000000000e+00
1.074012702687e-09 6.279151910603e-09 2.874521110625e+01 7.743350869375e-13 1.000000000000e+00
1.076012702687e-09 6.279151910603e-09 3.074521110625e+01 8.665492007273e-13 1.000000000000e+00
1.078012702687e-09 6.279151910604e-09 3.274521110625e+01 9.624518790687e-13 1.000000000000e+00
1.080012702687e-09 6.279151910604e-09 3.474521110625e+01 1.061120980824e-12 1.000000000000e+00
1.082012702687e-09 6.279151910605e-09 3.674521110625e+01 1.162161302648e-12 1.000000000000e+00
1.084012702687e-09 6.279151910606e-09 3.874521110625e+01 1.265968047885e-12 1.000000000000e+00
1.086012702687e-09 6.279151910606e-09 4.074521110625e+01 1.371882544295e-12 1.000000000000e+00
1.088012702687e-09 6.279151910607e-09 4.274521110625e+01 1.479904791878e-12 1.000000000000e+00
1.090012702687e-09 6.279151910608e-09 4.474521110625e+01 1.589771321736e-12 1.000000000000e+00
1.092012702687e-09 6.279151910608e-09 4.674521110625e+01 1.701745602766e-12 1.000000000000e+00
1.094012702687e-09 6.279151910609e-09 4.874521110625e+01 1.814905493831e-12 1.000000000000e+00
1.096012702687e-09 6.279151910610e-09 5.074521110625e+01 1.929777932723e-12 1.000000000000e+00
1.098012702687e-09 6.279151910611e-09 5.274521110625e+01 2.046362919443e-12 1.000000000000e+00
1.100012702687e-09 6.279151910611e-09 5.474521110625e+01 2.164001781749e-12 1.000000000000e+00
1.102012702687e-09 6.279151910612e-09 5.674521110625e+01 2.282826254090e-12 1.000000000000e+00
1.104012702687e-09 6.279151910613e-09 5.874521110625e+01 2.402572867568e-12 1.000000000000e+00
1.106012702687e-09 6.279151910614e-09 6.074521110625e+01 2.523636825529e-12 1.000000000000e+00
1.108012702687e-09 6.279151910614e-09 6.274521110625e+01 2.645622924629e-12 1.000000000000e+00
1.110012702687e-09 6.279151910615e-09 6.474521110625e+01 2.768267695969e-12 1.000000000000e+00
1.112012702687e-09 6.279151910616e-09 6.674521110625e+01 2.891834608447e-12 1.000000000000e+00
1.114012702687e-09 6.279151910617e-09 6.874521110625e+01 3.016191927615e-12 1.000000000000e+00
1.116012702687e-09 6.279151910618e-09 7.074521110625e+01 3.140944450128e-12 1.000000000000e+00
1.118012702687e-09 6.279151910618e-09 7.274521110625e+01 3.266619113778e-12 1.000000000000e+00
1.120012702687e-09 6.279151910619e-09 7.474521110625e+01 3.392820715222e-12 1.000000000000e+00
1.122012702687e-09 6.279151910620e-09 7.674521110625e+01 3.519417520011e-12 1.000000000000e+00
1.124012702687e-09 6.279151910621e-09 7.874521110625e+01 3.646936465937e-12 1.000000000000e+00
1.126012702687e-09 6.279151910621e-09 8.074521110625e+01 3.774323677415e-12 1.000000000000e+00
1.128012702687e-09 6.279151910622e-09 8.274521110625e+01 3.902633030031e-12 1.000000000000e+00
1.130012702687e-09 6.279151910623e-09 8.474521110625e+01 4.030942382647e-12 1.000000000000e+00
1.132012702687e-09 6.279151910624e-09 8.674521110625e+01 4.159646938608e-12 1.000000000000e+00
1.134012702687e-09 6.279151910625e-09 8.874521110625e+01 4.289010166811e-12 1.000000000000e+00
1.136012702687e-09 6.279151910626e-09 9.074521110625e+01 4.418505129461e-12 1.000000000000e+00
1.138012702687e-09 6.279151910626e-09 9.274521110625e+01 4.548527029905e-12 1.000000000000e+00
1.140012702687e-09 6.279151910627e-09 9.474521110625e+01 4.678285461452e-12 1.000000000000e+00
1.142012702687e-09 6.279151910628e-09 9.674521110625e+01 4.808439096343e-12 1.000000000000e+00
1.144012702687e-09 6.279151910629e-09 9.874521110625e+01 4.938987934580e-12 1.000000000000e+00
1.146012702687e-09 6.279151910630e-09 1.007452111062e+02 5.069536772817e-12 1.000000000000e+00
1.148012702687e-09 6.279151910630e-09 1.027452111062e+02 5.200480814398e-12 1.000000000000e+00
1.150012702687e-09 6.279151910631e-09 1.047452111062e+02 5.331688324876e-12 1.000000000000e+00
1.152012702687e-09 6.279151910632e-09 1.067452111062e+02 5.462895835354e-12 1.000000000000e+00
1.154012702687e-09 6.279151910633e-09 1.087452111062e+02 5.594235080281e-12 1.000000000000e+00
1.156012702687e-09 6.279151910634e-09 1.107452111062e+02 5.725706059655e-12 1.000000000000e+00
1.158012702687e-09 6.279151910635e-09 1.127452111062e+02 5.857308773478e-12 1.000000000000e+00
1.160012702687e-09 6.279151910635e-09 1.147452111062e+02 5.989174956197e-12 1.000000000000e+00
1.162012702687e-09 6.279151910636e-09 1.167452111062e+02 6.120909404468e-12 1.000000000000e+00
1.164012702687e-09 6.279151910637e-09 1.187452111062e+02 6.252907321636e-12 1.000000000000e+00
1.166012702687e-09 6.279151910638e-09 1.207452111062e+02 6.384905238804e-12 1.000000000000e+00
1.168012702687e-09 6.279151910639e-09 1.227452111062e+02 6.517034890420e-12 1.000000000000e+00
1.170012702687e-09 6.279151910640e-09 1.247452111062e+02 6.649428010932e-12 1.000000000000e+00
1.172012702687e-09 6.279151910640e-09 1.267452111062e+02 6.781689396996e-12 1.000000000000e+00
1.174012702687e-09 6.279151910641e-09 1.287452111062e+02 6.914082517509e-12 1.000000000000e+00
1.176012702687e-09 6.279151910642e-09 1.307452111062e+02 7.046475638021e-12 1.000000000000e+00
1.178012702687e-09 6.279151910643e-09 1.327452111062e+02 7.178737024085e-12 1.000000000000e+00
1.180012702687e-09 6.279151910644e-09 1.347452111062e+02 7.311525347943e-12 1.000000000000e+00
1.182012702687e-09 6.279151910645e-09 1.367452111062e+02 7.443786734007e-12 1.000000000000e+00
1.184012702687e-09 6.279151910645e-09 1.387452111062e+02 7.576706792312e-12 1.000000000000e+00
1.186012702687e-09 6.279151910646e-09 1.407452111062e+02 7.709363381721e-12 1.000000000000e+00
1.188012702687e-09 6.279151910647e-09 1.427452111062e+02 7.842151705579e-12 1.000000000000e+00
1.190012702687e-09 6.279151910648e-09 1.447452111062e+02 7.974808294988e-12 1.000000000000e+00
1.192012702687e-09 6.279151910649e-09 1.467452111062e+02 8.107596618845e-12 1.000000000000e+00
1.194012702687e-09 6.279151910650e-09 1.487452111062e+02 8.240253208254e-12 1.000000000000e+00
1.196012702687e-09 6.279151910650e-09 1.507452111062e+02 8.373173266559e-12 1.000000000000e+00
1.198012702687e-09 6.279151910651e-09 1.527452111062e+02 8.505961590417e-12 1.000000000000e+00
1.200012702687e-09 6.279151910652e-09 1.547452111062e+02 8.638881648722e-12 1.000000000000e+00
1.202012702687e-09 6.279151910653e-09 1.567452111062e+02 8.771669972580e-12 1.000000000000e+00
1.204012702687e-09 6.279151910654e-09 1.587452111062e+02 8.904458296437e-12 1.000000000000e+00
1.206012702687e-09 6.279151910655e-09 1.607452111062e+02 9.037773558087e-12 1.000000000000e+00
1.208012702687e-09 6.279151910655e-09 1.627452111062e+02 9.170561881944e-12 1.000000000000e+00
1.210012702687e-09 6.279151910656e-09 1.647452111062e+02 9.303745409147e-12 1.000000000000e+00
1.212012702687e-09 6.279151910657e-09 1.667452111062e+02 9.436533733004e-12 1.000000000000e+00
1.214012702687e-09 6.279151910658e-09 1.687452111062e+02 9.569585525758e-12 1.000000000000e+00
1.216012702687e-09 6.279151910659e-09 1.707452111062e+02 9.702637318511e-12 1.000000000000e+00
1.218012702687e-09 6.279151910660e-09 1.727452111062e+02 9.835425642369e-12 1.000000000000e+00
1.220012702687e-09 6.279151910660e-09 1.747452111062e+02 9.968740904019e-12 1.000000000000e+00
1.222012702687e-09 6.279151910661e-09 1.767452111062e+02 1.010179269677e-11 1.000000000000e+00
1.224012702687e-09 6.279151910662e-09 1.787452111062e+02 1.023471275508e-11 1.000000000000e+00
1.226012702687e-09 6.279151910663e-09 1.807452111062e+02 1.036776454783e-11 1.000000000000e+00
1.228012702687e-09 6.279151910664e-09 1.827452111062e+02 1.050094807503e-11 1.000000000000e+00
1.230012702687e-09 6.279151910665e-09 1.847452111062e+02 1.063399986779e-11 1.000000000000e+00
1.232012702687e-09 6.279151910665e-09 1.867452111062e+02 1.076691992609e-11 1.000000000000e+00
1.234012702687e-09 6.279151910666e-09 1.887452111062e+02 1.090010345330e-11 1.000000000000e+00
1.236012702687e-09 6.279151910667e-09 1.907452111062e+02 1.103315524605e-11 1.000000000000e+00
1.238012702687e-09 6.279151910668e-09 1.927452111062e+02 1.116647050770e-11 1.000000000000e+00
1.240012702687e-09 6.279151910669e-09 1.947452111062e+02 1.129952230045e-11 1.000000000000e+00
1.242012702687e-09 6.279151910670e-09 1.967452111062e+02 1.143231062431e-11 1.000000000000e+00
1.244012702687e-09 6.279151910670e-09 1.987452111062e+02 1.156562588596e-11 1.000000000000e+00
1.246012702687e-09 6.279151910671e-09 2.007452111062e+02 1.169867767872e-11 1.000000000000e+00
1.248012702687e-09 6.279151910672e-09 2.027452111062e+02 1.183199294037e-11 1.000000000000e+00
1.250012702687e-09 6.279151910673e-09 2.047452111062e+02 1.196504473312e-11 1.000000000000e+00
1.252012702687e-09 6.279151910674e-09 2.067452111062e+02 1.209822826032e-11 1.000000000000e+00
1.254012702687e-09 6.279151910675e-09 2.087452111062e+02 1.223114831863e-11 1.000000000000e+00
1.256012702687e-09 6.279151910675e-09 2.107452111062e+02 1.236459531473e-11 1.000000000000e+00
1.258012702687e-09 6.279151910676e-09 2.127452111062e+02 1.249738363858e-11 1.000000000000e+00
1.260012702687e-09 6.279151910677e-09 2.147452111062e+02 1.263069890023e-11 1.000000000000e+00
1.262012702687e-09 6.279151910678e-09 2.167452111062e+02 1.276375069299e-11 1.000000000000e+00
1.264012702687e-09 6.279151910679e-09 2.187452111062e+02 1.289680248574e-11 1.000000000000e+00
1.266012702687e-09 6.279151910680e-09 2.207452111062e+02 1.302998601294e-11 1.000000000000e+00
1.268012702687e-09 6.279151910680e-09 2.227452111062e+02 1.316303780570e-11 1.000000000000e+00
1.270012702687e-09 6.279151910681e-09 2.247452111062e+02 1.329635306735e-11 1.000000000000e+00
1.272012702687e-09 6.279151910682e-09 2.267452111062e+02 1.342940486010e-11 1.000000000000e+00
1.274012702687e-09 6.279151910683e-09 2.287452111062e+02 1.356272012175e-11 1.000000000000e+00
1.276012702687e-09 6.279151910684e-09 2.307452111062e+02 1.369577191451e-11 1.000000000000e+00
1.278012702687e-09 6.279151910685e-09 2.327452111062e+02 1.382895544171e-11 1.000000000000e+00
